 1 1  7.0999999  1.5  0. 0  0.000225808297
 1 2  7.0999999  1.60000002  1.21730137 1  0.000225808297
 1 3  7.0999999  1.70000005  0. 0  0.000225808297
 1 4  7.0999999  1.79999995  0. 0  0.000225808297
 1 5  7.0999999  1.89999998  0. 0  0.000225808297
 1 6  7.0999999  2.  0. 0  0.000225808297
 1 7  7.0999999  2.0999999  0. 0  0.000225808297
 1 8  7.0999999  2.20000005  0. 0  0.000225808297
 1 9  7.0999999  2.29999995  0. 0  0.000225808297
 1 10  7.0999999  2.4000001  0. 0  0.000225808297
 1 11  7.0999999  2.5  0. 0  0.000225808297
 1 12  7.0999999  2.5999999  0. 0  0.000225808297
 1 13  7.0999999  2.70000005  0. 0  0.000225808297
 2 1  7.19999981  1.5  0. 0  0.000225808297
 2 2  7.19999981  1.60000002  2.09248042 3  0.000225808297
 2 3  7.19999981  1.70000005  0. 0  0.000225808297
 2 4  7.19999981  1.79999995  0. 0  0.000225808297
 2 5  7.19999981  1.89999998  0. 0  0.000225808297
 2 6  7.19999981  2.  0. 0  0.000225808297
 2 7  7.19999981  2.0999999  0. 0  0.000225808297
 2 8  7.19999981  2.20000005  0. 0  0.000225808297
 2 9  7.19999981  2.29999995  0. 0  0.000225808297
 2 10  7.19999981  2.4000001  0. 0  0.000225808297
 2 11  7.19999981  2.5  0. 0  0.000225808297
 2 12  7.19999981  2.5999999  0. 0  0.000225808297
 2 13  7.19999981  2.70000005  0. 0  0.000225808297
 3 1  7.29999971  1.5  0. 0  0.000225808297
 3 2  7.29999971  1.60000002  0.400348395 1  0.000225808297
 3 3  7.29999971  1.70000005  0. 0  0.000225808297
 3 4  7.29999971  1.79999995  0.420234025 1  0.000225808297
 3 5  7.29999971  1.89999998  0. 0  0.000225808297
 3 6  7.29999971  2.  0. 0  0.000225808297
 3 7  7.29999971  2.0999999  0. 0  0.000225808297
 3 8  7.29999971  2.20000005  0. 0  0.000225808297
 3 9  7.29999971  2.29999995  0. 0  0.000225808297
 3 10  7.29999971  2.4000001  0. 0  0.000225808297
 3 11  7.29999971  2.5  0. 0  0.000225808297
 3 12  7.29999971  2.5999999  0. 0  0.000225808297
 3 13  7.29999971  2.70000005  0. 0  0.000225808297
 4 1  7.4000001  1.5  0. 0  0.000225808297
 4 2  7.4000001  1.60000002  0.916369081 3  0.000225808297
 4 3  7.4000001  1.70000005  0. 0  0.000225808297
 4 4  7.4000001  1.79999995  0. 0  0.000225808297
 4 5  7.4000001  1.89999998  0. 0  0.000225808297
 4 6  7.4000001  2.  0. 0  0.000225808297
 4 7  7.4000001  2.0999999  0. 0  0.000225808297
 4 8  7.4000001  2.20000005  0. 0  0.000225808297
 4 9  7.4000001  2.29999995  0. 0  0.000225808297
 4 10  7.4000001  2.4000001  0. 0  0.000225808297
 4 11  7.4000001  2.5  0. 0  0.000225808297
 4 12  7.4000001  2.5999999  0. 0  0.000225808297
 4 13  7.4000001  2.70000005  0. 0  0.000225808297
 5 1  7.5  1.5  0. 0  0.000225808297
 5 2  7.5  1.60000002  0.279204428 1  0.000225808297
 5 3  7.5  1.70000005  0.282068372 1  0.000225808297
 5 4  7.5  1.79999995  0. 0  0.000225808297
 5 5  7.5  1.89999998  0. 0  0.000225808297
 5 6  7.5  2.  0. 0  0.000225808297
 5 7  7.5  2.0999999  0. 0  0.000225808297
 5 8  7.5  2.20000005  0. 0  0.000225808297
 5 9  7.5  2.29999995  0. 0  0.000225808297
 5 10  7.5  2.4000001  0. 0  0.000225808297
 5 11  7.5  2.5  0. 0  0.000225808297
 5 12  7.5  2.5999999  0. 0  0.000225808297
 5 13  7.5  2.70000005  0. 0  0.000225808297
 6 1  7.5999999  1.5  0. 0  0.000225808297
 6 2  7.5999999  1.60000002  0.130685627 1  0.000225808297
 6 3  7.5999999  1.70000005  0.689437449 4  0.000225808297
 6 4  7.5999999  1.79999995  0.321574956 2  0.000225808297
 6 5  7.5999999  1.89999998  0. 0  0.000225808297
 6 6  7.5999999  2.  0. 0  0.000225808297
 6 7  7.5999999  2.0999999  0. 0  0.000225808297
 6 8  7.5999999  2.20000005  0. 0  0.000225808297
 6 9  7.5999999  2.29999995  0. 0  0.000225808297
 6 10  7.5999999  2.4000001  0. 0  0.000225808297
 6 11  7.5999999  2.5  0. 0  0.000225808297
 6 12  7.5999999  2.5999999  0. 0  0.000225808297
 6 13  7.5999999  2.70000005  0. 0  0.000225808297
 7 1  7.69999981  1.5  0. 0  0.000225808297
 7 2  7.69999981  1.60000002  0.10413149 1  0.000225808297
 7 3  7.69999981  1.70000005  0.0732448548 1  0.000225808297
 7 4  7.69999981  1.79999995  0.0866331309 1  0.000225808297
 7 5  7.69999981  1.89999998  0.0926634073 1  0.000225808297
 7 6  7.69999981  2.  0. 0  0.000225808297
 7 7  7.69999981  2.0999999  0.241146907 1  0.000225808297
 7 8  7.69999981  2.20000005  0. 0  0.000225808297
 7 9  7.69999981  2.29999995  0. 0  0.000225808297
 7 10  7.69999981  2.4000001  0. 0  0.000225808297
 7 11  7.69999981  2.5  0. 0  0.000225808297
 7 12  7.69999981  2.5999999  0. 0  0.000225808297
 7 13  7.69999981  2.70000005  0. 0  0.000225808297
 8 1  7.79999971  1.5  0. 0  0.000225808297
 8 2  7.79999971  1.60000002  0.107671842 2  0.000225808297
 8 3  7.79999971  1.70000005  0.181040391 3  0.000225808297
 8 4  7.79999971  1.79999995  0.112710081 2  0.000225808297
 8 5  7.79999971  1.89999998  0.0805425048 1  0.000225808297
 8 6  7.79999971  2.  0.0819157809 1  0.000225808297
 8 7  7.79999971  2.0999999  0. 0  0.000225808297
 8 8  7.79999971  2.20000005  0. 0  0.000225808297
 8 9  7.79999971  2.29999995  0. 0  0.000225808297
 8 10  7.79999971  2.4000001  0. 0  0.000225808297
 8 11  7.79999971  2.5  0. 0  0.000225808297
 8 12  7.79999971  2.5999999  0. 0  0.000225808297
 8 13  7.79999971  2.70000005  0. 0  0.000225808297
 9 1  7.9000001  1.5  0. 0  0.000225808297
 9 2  7.9000001  1.60000002  0. 0  0.000225808297
 9 3  7.9000001  1.70000005  0.107837886 3  0.000225808297
 9 4  7.9000001  1.79999995  0.189656168 5  0.000225808297
 9 5  7.9000001  1.89999998  0.0362027623 1  0.000225808297
 9 6  7.9000001  2.  0.0623624325 1  0.000225808297
 9 7  7.9000001  2.0999999  0. 0  0.000225808297
 9 8  7.9000001  2.20000005  0. 0  0.000225808297
 9 9  7.9000001  2.29999995  0. 0  0.000225808297
 9 10  7.9000001  2.4000001  0. 0  0.000225808297
 9 11  7.9000001  2.5  0. 0  0.000225808297
 9 12  7.9000001  2.5999999  0. 0  0.000225808297
 9 13  7.9000001  2.70000005  0. 0  0.000225808297
 10 1  8.  1.5  0. 0  0.000225808297
 10 2  8.  1.60000002  0. 0  0.000225808297
 10 3  8.  1.70000005  0.082958214 4  0.000225808297
 10 4  8.  1.79999995  0.126558378 5  0.000225808297
 10 5  8.  1.89999998  0.114639021 4  0.000225808297
 10 6  8.  2.  0.0332712978 1  0.000225808297
 10 7  8.  2.0999999  0. 0  0.000225808297
 10 8  8.  2.20000005  0. 0  0.000225808297
 10 9  8.  2.29999995  0. 0  0.000225808297
 10 10  8.  2.4000001  0. 0  0.000225808297
 10 11  8.  2.5  0. 0  0.000225808297
 10 12  8.  2.5999999  0. 0  0.000225808297
 10 13  8.  2.70000005  0. 0  0.000225808297
 11 1  8.10000038  1.5  0. 0  0.000225808297
 11 2  8.10000038  1.60000002  0. 0  0.000225808297
 11 3  8.10000038  1.70000005  0.0331715904 2  0.000225808297
 11 4  8.10000038  1.79999995  0.173190504 10  0.000225808297
 11 5  8.10000038  1.89999998  0.0953096151 5  0.000225808297
 11 6  8.10000038  2.  0.113549553 5  0.000225808297
 11 7  8.10000038  2.0999999  0.0956789404 3  0.000225808297
 11 8  8.10000038  2.20000005  0. 0  0.000225808297
 11 9  8.10000038  2.29999995  0. 0  0.000225808297
 11 10  8.10000038  2.4000001  0. 0  0.000225808297
 11 11  8.10000038  2.5  0. 0  0.000225808297
 11 12  8.10000038  2.5999999  0. 0  0.000225808297
 11 13  8.10000038  2.70000005  0. 0  0.000225808297
 12 1  8.19999981  1.5  0. 0  0.000225808297
 12 2  8.19999981  1.60000002  0.0122689279 1  0.000225808297
 12 3  8.19999981  1.70000005  0.0419569351 4  0.000225808297
 12 4  8.19999981  1.79999995  0.0856995434 7  0.000225808297
 12 5  8.19999981  1.89999998  0.0970129669 7  0.000225808297
 12 6  8.19999981  2.  0.108429469 6  0.000225808297
 12 7  8.19999981  2.0999999  0.0591393113 3  0.000225808297
 12 8  8.19999981  2.20000005  0.0218221247 1  0.000225808297
 12 9  8.19999981  2.29999995  0. 0  0.000225808297
 12 10  8.19999981  2.4000001  0. 0  0.000225808297
 12 11  8.19999981  2.5  0. 0  0.000225808297
 12 12  8.19999981  2.5999999  0. 0  0.000225808297
 12 13  8.19999981  2.70000005  0. 0  0.000225808297
 13 1  8.30000019  1.5  0.0150158983 2  0.000225808297
 13 2  8.30000019  1.60000002  0.0142133059 2  0.000225808297
 13 3  8.30000019  1.70000005  0.0486590341 6  0.000225808297
 13 4  8.30000019  1.79999995  0.0847580656 9  0.000225808297
 13 5  8.30000019  1.89999998  0.102399044 10  0.000225808297
 13 6  8.30000019  2.  0.0952155814 8  0.000225808297
 13 7  8.30000019  2.0999999  0.0708974823 5  0.000225808297
 13 8  8.30000019  2.20000005  0.0401194952 2  0.000225808297
 13 9  8.30000019  2.29999995  0. 0  0.000225808297
 13 10  8.30000019  2.4000001  0. 0  0.000225808297
 13 11  8.30000019  2.5  0. 0  0.000225808297
 13 12  8.30000019  2.5999999  0. 0  0.000225808297
 13 13  8.30000019  2.70000005  0. 0  0.000225808297
 14 1  8.39999962  1.5  0. 0  0.000225808297
 14 2  8.39999962  1.60000002  0.0166128017 3  0.000225808297
 14 3  8.39999962  1.70000005  0.042925328 8  0.000225808297
 14 4  8.39999962  1.79999995  0.079920128 13  0.000225808297
 14 5  8.39999962  1.89999998  0.0649085641 9  0.000225808297
 14 6  8.39999962  2.  0.15205203 17  0.000225808297
 14 7  8.39999962  2.0999999  0.0690168664 6  0.000225808297
 14 8  8.39999962  2.20000005  0.0112162791 1  0.000225808297
 14 9  8.39999962  2.29999995  0. 0  0.000225808297
 14 10  8.39999962  2.4000001  0. 0  0.000225808297
 14 11  8.39999962  2.5  0.0302893482 1  0.000225808297
 14 12  8.39999962  2.5999999  0. 0  0.000225808297
 14 13  8.39999962  2.70000005  0. 0  0.000225808297
 15 1  8.5  1.5  0.00293155503 1  0.000225808297
 15 2  8.5  1.60000002  0.00655694306 2  0.000225808297
 15 3  8.5  1.70000005  0.0284233838 8  0.000225808297
 15 4  8.5  1.79999995  0.0533708185 13  0.000225808297
 15 5  8.5  1.89999998  0.0696338788 14  0.000225808297
 15 6  8.5  2.  0.126752317 21  0.000225808297
 15 7  8.5  2.0999999  0.0845381469 11  0.000225808297
 15 8  8.5  2.20000005  0.061877653 6  0.000225808297
 15 9  8.5  2.29999995  0.0237099137 2  0.000225808297
 15 10  8.5  2.4000001  0. 0  0.000225808297
 15 11  8.5  2.5  0. 0  0.000225808297
 15 12  8.5  2.5999999  0. 0  0.000225808297
 15 13  8.5  2.70000005  0. 0  0.000225808297
 16 1  8.60000038  1.5  0. 0  0.000225808297
 16 2  8.60000038  1.60000002  0.00220084074 1  0.000225808297
 16 3  8.60000038  1.70000005  0.0420835353 15  0.000225808297
 16 4  8.60000038  1.79999995  0.0383299366 13  0.000225808297
 16 5  8.60000038  1.89999998  0.0732347593 21  0.000225808297
 16 6  8.60000038  2.  0.067166619 17  0.000225808297
 16 7  8.60000038  2.0999999  0.0964617655 18  0.000225808297
 16 8  8.60000038  2.20000005  0.0497466736 7  0.000225808297
 16 9  8.60000038  2.29999995  0.0104315635 1  0.000225808297
 16 10  8.60000038  2.4000001  0. 0  0.000225808297
 16 11  8.60000038  2.5  0.0148642818 1  0.000225808297
 16 12  8.60000038  2.5999999  0. 0  0.000225808297
 16 13  8.60000038  2.70000005  0. 0  0.000225808297
 17 1  8.69999981  1.5  0.00396460248 2  0.000225808297
 17 2  8.69999981  1.60000002  0.00414663879 2  0.000225808297
 17 3  8.69999981  1.70000005  0.0176241565 9  0.000225808297
 17 4  8.69999981  1.79999995  0.0232437346 11  0.000225808297
 17 5  8.69999981  1.89999998  0.0480138399 20  0.000225808297
 17 6  8.69999981  2.  0.0555193648 19  0.000225808297
 17 7  8.69999981  2.0999999  0.0894685313 24  0.000225808297
 17 8  8.69999981  2.20000005  0.03109405 6  0.000225808297
 17 9  8.69999981  2.29999995  0.0209623966 3  0.000225808297
 17 10  8.69999981  2.4000001  0. 0  0.000225808297
 17 11  8.69999981  2.5  0. 0  0.000225808297
 17 12  8.69999981  2.5999999  0. 0  0.000225808297
 17 13  8.69999981  2.70000005  0. 0  0.000225808297
 18 1  8.80000019  1.5  0. 0  0.000225808297
 18 2  8.80000019  1.60000002  0.00278376718 2  0.000225808297
 18 3  8.80000019  1.70000005  0.0134280957 9  0.000225808297
 18 4  8.80000019  1.79999995  0.0208579712 13  0.000225808297
 18 5  8.80000019  1.89999998  0.0413348153 22  0.000225808297
 18 6  8.80000019  2.  0.0477785133 22  0.000225808297
 18 7  8.80000019  2.0999999  0.0672835708 26  0.000225808297
 18 8  8.80000019  2.20000005  0.0448659025 14  0.000225808297
 18 9  8.80000019  2.29999995  0.0220511835 5  0.000225808297
 18 10  8.80000019  2.4000001  0.0126073109 2  0.000225808297
 18 11  8.80000019  2.5  0. 0  0.000225808297
 18 12  8.80000019  2.5999999  0. 0  0.000225808297
 18 13  8.80000019  2.70000005  0. 0  0.000225808297
 19 1  8.89999962  1.5  0.000788204256 1  0.000225808297
 19 2  8.89999962  1.60000002  0.00308558601 3  0.000225808297
 19 3  8.89999962  1.70000005  0.0130303781 12  0.000225808297
 19 4  8.89999962  1.79999995  0.0152798193 13  0.000225808297
 19 5  8.89999962  1.89999998  0.0201276168 14  0.000225808297
 19 6  8.89999962  2.  0.0478684902 28  0.000225808297
 19 7  8.89999962  2.0999999  0.0849520937 41  0.000225808297
 19 8  8.89999962  2.20000005  0.0441260748 18  0.000225808297
 19 9  8.89999962  2.29999995  0.0278284457 9  0.000225808297
 19 10  8.89999962  2.4000001  0.00870010816 2  0.000225808297
 19 11  8.89999962  2.5  0.0074501792 1  0.000225808297
 19 12  8.89999962  2.5999999  0. 0  0.000225808297
 19 13  8.89999962  2.70000005  0. 0  0.000225808297
 20 1  9.  1.5  0. 0  0.000225808297
 20 2  9.  1.60000002  0.00274928636 4  0.000225808297
 20 3  9.  1.70000005  0.00868076086 11  0.000225808297
 20 4  9.  1.79999995  0.0211406182 24  0.000225808297
 20 5  9.  1.89999998  0.01911637 18  0.000225808297
 20 6  9.  2.  0.0318182595 24  0.000225808297
 20 7  9.  2.0999999  0.0585363097 37  0.000225808297
 20 8  9.  2.20000005  0.0550685823 29  0.000225808297
 20 9  9.  2.29999995  0.0287998747 12  0.000225808297
 20 10  9.  2.4000001  0.0154920593 5  0.000225808297
 20 11  9.  2.5  0. 0  0.000225808297
 20 12  9.  2.5999999  0. 0  0.000225808297
 20 13  9.  2.70000005  0. 0  0.000225808297
 21 1  9.10000038  1.5  0. 0  0.000225808297
 21 2  9.10000038  1.60000002  0.00212516775 4  0.000225808297
 21 3  9.10000038  1.70000005  0.0055029979 10  0.000225808297
 21 4  9.10000038  1.79999995  0.00658315187 10  0.000225808297
 21 5  9.10000038  1.89999998  0.0221757982 30  0.000225808297
 21 6  9.10000038  2.  0.0190988686 21  0.000225808297
 21 7  9.10000038  2.0999999  0.0348704346 30  0.000225808297
 21 8  9.10000038  2.20000005  0.0495014451 33  0.000225808297
 21 9  9.10000038  2.29999995  0.0302288495 16  0.000225808297
 21 10  9.10000038  2.4000001  0.0176963862 7  0.000225808297
 21 11  9.10000038  2.5  0.0035820452 1  0.000225808297
 21 12  9.10000038  2.5999999  0. 0  0.000225808297
 21 13  9.10000038  2.70000005  0. 0  0.000225808297
 22 1  9.19999981  1.5  0. 0  0.000225808297
 22 2  9.19999981  1.60000002  0.00292343227 8  0.000225808297
 22 3  9.19999981  1.70000005  0.00681900978 17  0.000225808297
 22 4  9.19999981  1.79999995  0.00894830283 19  0.000225808297
 22 5  9.19999981  1.89999998  0.0191070978 34  0.000225808297
 22 6  9.19999981  2.  0.0244283192 35  0.000225808297
 22 7  9.19999981  2.0999999  0.0314899534 37  0.000225808297
 22 8  9.19999981  2.20000005  0.0393541194 35  0.000225808297
 22 9  9.19999981  2.29999995  0.0275144223 20  0.000225808297
 22 10  9.19999981  2.4000001  0.0185299162 10  0.000225808297
 22 11  9.19999981  2.5  0. 0  0.000225808297
 22 12  9.19999981  2.5999999  0. 0  0.000225808297
 22 13  9.19999981  2.70000005  0. 0  0.000225808297
 23 1  9.30000019  1.5  0. 0  0.000225808297
 23 2  9.30000019  1.60000002  0.0010937968 4  0.000225808297
 23 3  9.30000019  1.70000005  0.00446210383 15  0.000225808297
 23 4  9.30000019  1.79999995  0.00734422123 21  0.000225808297
 23 5  9.30000019  1.89999998  0.0158718675 38  0.000225808297
 23 6  9.30000019  2.  0.0185849629 36  0.000225808297
 23 7  9.30000019  2.0999999  0.0253642872 39  0.000225808297
 23 8  9.30000019  2.20000005  0.035811305 43  0.000225808297
 23 9  9.30000019  2.29999995  0.0209171306 20  0.000225808297
 23 10  9.30000019  2.4000001  0.0170011707 12  0.000225808297
 23 11  9.30000019  2.5  0.00588910887 3  0.000225808297
 23 12  9.30000019  2.5999999  0.00231745723 1  0.000225808297
 23 13  9.30000019  2.70000005  0. 0  0.000225808297
 24 1  9.39999962  1.5  0. 0  0.000225808297
 24 2  9.39999962  1.60000002  0.000750448904 4  0.000225808297
 24 3  9.39999962  1.70000005  0.00358020165 17  0.000225808297
 24 4  9.39999962  1.79999995  0.00636517536 26  0.000225808297
 24 5  9.39999962  1.89999998  0.0144037083 49  0.000225808297
 24 6  9.39999962  2.  0.0192478672 52  0.000225808297
 24 7  9.39999962  2.0999999  0.0226421487 47  0.000225808297
 24 8  9.39999962  2.20000005  0.0297957566 48  0.000225808297
 24 9  9.39999962  2.29999995  0.0267924182 33  0.000225808297
 24 10  9.39999962  2.4000001  0.0161299203 15  0.000225808297
 24 11  9.39999962  2.5  0.00644088117 5  0.000225808297
 24 12  9.39999962  2.5999999  0. 0  0.000225808297
 24 13  9.39999962  2.70000005  0. 0  0.000225808297
 25 1  9.5  1.5  0. 0  0.000225808297
 25 2  9.5  1.60000002  0.00109750533 9  0.000225808297
 25 3  9.5  1.70000005  0.00316244666 22  0.000225808297
 25 4  9.5  1.79999995  0.00341270003 21  0.000225808297
 25 5  9.5  1.89999998  0.00962714106 44  0.000225808297
 25 6  9.5  2.  0.0150692854 54  0.000225808297
 25 7  9.5  2.0999999  0.020732116 61  0.000225808297
 25 8  9.5  2.20000005  0.0262781866 57  0.000225808297
 25 9  9.5  2.29999995  0.0171244312 28  0.000225808297
 25 10  9.5  2.4000001  0.014521379 18  0.000225808297
 25 11  9.5  2.5  0.0031628171 3  0.000225808297
 25 12  9.5  2.5999999  0. 0  0.000225808297
 25 13  9.5  2.70000005  0. 0  0.000225808297
 26 1  9.60000038  1.5  0. 0  0.000225808297
 26 2  9.60000038  1.60000002  0.000512419967 7  0.000225808297
 26 3  9.60000038  1.70000005  0.00183493237 19  0.000225808297
 26 4  9.60000038  1.79999995  0.00288375746 24  0.000225808297
 26 5  9.60000038  1.89999998  0.00782709289 50  0.000225808297
 26 6  9.60000038  2.  0.00820569322 41  0.000225808297
 26 7  9.60000038  2.0999999  0.0144183133 56  0.000225808297
 26 8  9.60000038  2.20000005  0.013353413 39  0.000225808297
 26 9  9.60000038  2.29999995  0.0132097276 30  0.000225808297
 26 10  9.60000038  2.4000001  0.0213917196 37  0.000225808297
 26 11  9.60000038  2.5  0.00408040313 5  0.000225808297
 26 12  9.60000038  2.5999999  0.000971105939 1  0.000225808297
 26 13  9.60000038  2.70000005  0. 0  0.000225808297
 27 1  9.69999981  1.5  5.01727664E-05 1  0.000225808297
 27 2  9.69999981  1.60000002  0.000361159124 6  0.000225808297
 27 3  9.69999981  1.70000005  0.000859150139 13  0.000225808297
 27 4  9.69999981  1.79999995  0.00211632275 26  0.000225808297
 27 5  9.69999981  1.89999998  0.00377781084 36  0.000225808297
 27 6  9.69999981  2.  0.00610988121 44  0.000225808297
 27 7  9.69999981  2.0999999  0.0094359573 50  0.000225808297
 27 8  9.69999981  2.20000005  0.0121727055 48  0.000225808297
 27 9  9.69999981  2.29999995  0.0134654054 41  0.000225808297
 27 10  9.69999981  2.4000001  0.0116970828 26  0.000225808297
 27 11  9.69999981  2.5  0.00647374196 11  0.000225808297
 27 12  9.69999981  2.5999999  0.000682376151 1  0.000225808297
 27 13  9.69999981  2.70000005  0. 0  0.000225808297
 28 1  9.80000019  1.5  0. 0  0.000225808297
 28 2  9.80000019  1.60000002  0.000280956447 7  0.000225808297
 28 3  9.80000019  1.70000005  0.000792317791 17  0.000225808297
 28 4  9.80000019  1.79999995  0.000993660185 18  0.000225808297
 28 5  9.80000019  1.89999998  0.00296191685 39  0.000225808297
 28 6  9.80000019  2.  0.00510515645 52  0.000225808297
 28 7  9.80000019  2.0999999  0.00625408906 47  0.000225808297
 28 8  9.80000019  2.20000005  0.00712611107 39  0.000225808297
 28 9  9.80000019  2.29999995  0.00893016253 37  0.000225808297
 28 10  9.80000019  2.4000001  0.00899982173 28  0.000225808297
 28 11  9.80000019  2.5  0.0049546957 11  0.000225808297
 28 12  9.80000019  2.5999999  0.00247126212 4  0.000225808297
 28 13  9.80000019  2.70000005  0. 0  0.000225808297
 29 1  9.89999962  1.5  0. 0  0.000225808297
 29 2  9.89999962  1.60000002  0.000137401279 5  0.000225808297
 29 3  9.89999962  1.70000005  0.000572904304 17  0.000225808297
 29 4  9.89999962  1.79999995  0.0012163202 29  0.000225808297
 29 5  9.89999962  1.89999998  0.00178712385 34  0.000225808297
 29 6  9.89999962  2.  0.00177975721 26  0.000225808297
 29 7  9.89999962  2.0999999  0.0042470051 46  0.000225808297
 29 8  9.89999962  2.20000005  0.00554784713 43  0.000225808297
 29 9  9.89999962  2.29999995  0.00444239657 25  0.000225808297
 29 10  9.89999962  2.4000001  0.00449456275 18  0.000225808297
 29 11  9.89999962  2.5  0.00219323533 7  0.000225808297
 29 12  9.89999962  2.5999999  0.000856780563 2  0.000225808297
 29 13  9.89999962  2.70000005  0.000543227769 1  0.000225808297
 30 1  10.  1.5  0. 0  0.000225808297
 30 2  10.  1.60000002  3.23096065E-05 2  0.000225808297
 30 3  10.  1.70000005  0.000225549782 11  0.000225808297
 30 4  10.  1.79999995  0.000405629893 14  0.000225808297
 30 5  10.  1.89999998  0.00129119284 34  0.000225808297
 30 6  10.  2.  0.00118236348 25  0.000225808297
 30 7  10.  2.0999999  0.00221765623 33  0.000225808297
 30 8  10.  2.20000005  0.00245328178 27  0.000225808297
 30 9  10.  2.29999995  0.00297548622 24  0.000225808297
 30 10  10.  2.4000001  0.00209565554 13  0.000225808297
 30 11  10.  2.5  0.00101422193 4  0.000225808297
 30 12  10.  2.5999999  0.000756413967 2  0.000225808297
 30 13  10.  2.70000005  0. 0  0.000225808297
 31 1  10.1000004  1.5  0. 0  0.000225808297
 31 2  10.1000004  1.60000002  2.01557323E-05 2  0.000225808297
 31 3  10.1000004  1.70000005  5.23710951E-05 4  0.000225808297
 31 4  10.1000004  1.79999995  0.000321204046 17  0.000225808297
 31 5  10.1000004  1.89999998  0.000726702798 28  0.000225808297
 31 6  10.1000004  2.  0.00137850607 38  0.000225808297
 31 7  10.1000004  2.0999999  0.00146202336 30  0.0024742526
 31 8  10.1000004  2.20000005  0.00191115751 28  0.0024742526
 31 9  10.1000004  2.29999995  0.00138141937 15  0.0024742526
 31 10  10.1000004  2.4000001  0.00191847736 16  0.0024742526
 31 11  10.1000004  2.5  0.00247741328 15  0.0024742526
 31 12  10.1000004  2.5999999  0.000434396847 2  0.0024742526
 31 13  10.1000004  2.70000005  0. 0  0.0024742526
 32 1  10.1999998  1.5  0. 0  0.0024742526
 32 2  10.1999998  1.60000002  0. 0  0.0024742526
 32 3  10.1999998  1.70000005  4.98554109E-05 5  0.0024742526
 32 4  10.1999998  1.79999995  0.000111269255 9  0.0024742526
 32 5  10.1999998  1.89999998  0.000320100604 19  0.0024742526
 32 6  10.1999998  2.  0.000522076967 21  0.0024742526
 32 7  10.1999998  2.0999999  0.000708971405 20  0.0024742526
 32 8  10.1999998  2.20000005  0.00108890899 23  0.0024742526
 32 9  10.1999998  2.29999995  0.00131374318 19  0.0024742526
 32 10  10.1999998  2.4000001  0.000785167096 9  0.0024742526
 32 11  10.1999998  2.5  0.000966081396 8  0.0024742526
 32 12  10.1999998  2.5999999  0.000861564768 5  0.0024742526
 32 13  10.1999998  2.70000005  0. 0  0.0024742526
 33 1  10.3000002  1.5  0. 0  0.0024742526
 33 2  10.3000002  1.60000002  0. 0  0.0024742526
 33 3  10.3000002  1.70000005  0. 0  0.0024742526
 33 4  10.3000002  1.79999995  4.16360926E-05 5  0.0024742526
 33 5  10.3000002  1.89999998  8.5594409E-05 8  0.0024742526
 33 6  10.3000002  2.  0.000210841186 13  0.0024742526
 33 7  10.3000002  2.0999999  0.00048579945 20  0.0024742526
 33 8  10.3000002  2.20000005  0.000242401875 8  0.0024742526
 33 9  10.3000002  2.29999995  0.000813749328 18  0.0024742526
 33 10  10.3000002  2.4000001  0.000707284373 11  0.0024742526
 33 11  10.3000002  2.5  0.000795121712 9  0.0024742526
 33 12  10.3000002  2.5999999  0.000373342831 3  0.0024742526
 33 13  10.3000002  2.70000005  0. 0  0.0024742526
 34 1  10.3999996  1.5  0. 0  0.0024742526
 34 2  10.3999996  1.60000002  4.52171753E-06 1  0.0024742526
 34 3  10.3999996  1.70000005  4.6417249E-06 1  0.0024742526
 34 4  10.3999996  1.79999995  2.95032605E-05 5  0.0024742526
 34 5  10.3999996  1.89999998  6.43172607E-05 8  0.0024742526
 34 6  10.3999996  2.  5.64771835E-05 5  0.0024742526
 34 7  10.3999996  2.0999999  0.000185138662 12  0.0024742526
 34 8  10.3999996  2.20000005  0.000175801732 8  0.0024742526
 34 9  10.3999996  2.29999995  0.000387950975 12  0.0024742526
 34 10  10.3999996  2.4000001  0.00019833789 4  0.0024742526
 34 11  10.3999996  2.5  0.000347325869 5  0.0024742526
 34 12  10.3999996  2.5999999  0.000105517865 1  0.0024742526
 34 13  10.3999996  2.70000005  0. 0  0.0024742526
 35 1  10.5  1.5  0. 0  0.0024742526
 35 2  10.5  1.60000002  0. 0  0.0024742526
 35 3  10.5  1.70000005  4.58529712E-06 1  0.0024742526
 35 4  10.5  1.79999995  4.71228668E-06 1  0.0024742526
 35 5  10.5  1.89999998  1.88689901E-05 3  0.0024742526
 35 6  10.5  2.  2.49311597E-05 3  0.0024742526
 35 7  10.5  2.0999999  4.12655208E-05 4  0.0024742526
 35 8  10.5  2.20000005  2.60039724E-05 2  0.0024742526
 35 9  10.5  2.29999995  8.74389807E-05 4  0.0024742526
 35 10  10.5  2.4000001  0.000114277507 3  0.0024742526
 35 11  10.5  2.5  4.58590039E-05 1  0.0024742526
 35 12  10.5  2.5999999  0. 0  0.0024742526
 35 13  10.5  2.70000005  0. 0  0.0024742526
 36 1  10.6000004  1.5  0. 0  0.0024742526
 36 2  10.6000004  1.60000002  0. 0  0.0024742526
 36 3  10.6000004  1.70000005  0. 0  0.0024742526
 36 4  10.6000004  1.79999995  0. 0  0.0024742526
 36 5  10.6000004  1.89999998  4.82841688E-06 1  0.0024742526
 36 6  10.6000004  2.  6.6141597E-06 1  0.0024742526
 36 7  10.6000004  2.0999999  1.00963643E-05 1  0.0024742526
 36 8  10.6000004  2.20000005  4.32290217E-05 4  0.0024742526
 36 9  10.6000004  2.29999995  4.86325043E-05 3  0.0024742526
 36 10  10.6000004  2.4000001  0. 0  0.0024742526
 36 11  10.6000004  2.5  2.94481924E-05 1  0.0024742526
 36 12  10.6000004  2.5999999  4.54665969E-05 1  0.0024742526
 36 13  10.6000004  2.70000005  0. 0  0.0024742526
 37 1  10.6999998  1.5  0. 0  0.0024742526
 37 2  10.6999998  1.60000002  0. 0  0.0024742526
 37 3  10.6999998  1.70000005  0. 0  0.0024742526
 37 4  10.6999998  1.79999995  0. 0  0.0024742526
 37 5  10.6999998  1.89999998  0. 0  0.0024742526
 37 6  10.6999998  2.  9.41595954E-06 2  0.0024742526
 37 7  10.6999998  2.0999999  0. 0  0.0024742526
 37 8  10.6999998  2.20000005  8.84686779E-06 1  0.0024742526
 37 9  10.6999998  2.29999995  0. 0  0.0024742526
 37 10  10.6999998  2.4000001  1.20796731E-05 1  0.0024742526
 37 11  10.6999998  2.5  0. 0  0.0024742526
 37 12  10.6999998  2.5999999  0. 0  0.0024742526
 37 13  10.6999998  2.70000005  0. 0  0.0024742526
 38 1  10.8000002  1.5  0. 0  0.0024742526
 38 2  10.8000002  1.60000002  0. 0  0.0024742526
 38 3  10.8000002  1.70000005  0. 0  0.0024742526
 38 4  10.8000002  1.79999995  0. 0  0.0024742526
 38 5  10.8000002  1.89999998  0. 0  0.0024742526
 38 6  10.8000002  2.  4.4221083E-06 1  0.0024742526
 38 7  10.8000002  2.0999999  0. 0  0.0024742526
 38 8  10.8000002  2.20000005  6.75555248E-06 1  0.0024742526
 38 9  10.8000002  2.29999995  0. 0  0.0024742526
 38 10  10.8000002  2.4000001  1.21493131E-05 1  0.0024742526
 38 11  10.8000002  2.5  1.547395E-05 1  0.0024742526
 38 12  10.8000002  2.5999999  0. 0  0.0024742526
 38 13  10.8000002  2.70000005  0. 0  0.0024742526
 39 1  10.8999996  1.5  0. 0  0.0024742526
 39 2  10.8999996  1.60000002  0. 0  0.0024742526
 39 3  10.8999996  1.70000005  6.1838216E-07 1  0.0024742526
 39 4  10.8999996  1.79999995  0. 0  0.0024742526
 39 5  10.8999996  1.89999998  0. 0  0.0024742526
 39 6  10.8999996  2.  0. 0  0.0024742526
 39 7  10.8999996  2.0999999  0. 0  0.0024742526
 39 8  10.8999996  2.20000005  0. 0  0.0024742526
 39 9  10.8999996  2.29999995  0. 0  0.0024742526
 39 10  10.8999996  2.4000001  0. 0  0.0024742526
 39 11  10.8999996  2.5  0. 0  0.0024742526
 39 12  10.8999996  2.5999999  0. 0  0.0024742526
 39 13  10.8999996  2.70000005  0. 0  0.0024742526
